$ANSIBLE_VAULT;1.1;AES256
64303462656263313365363532393735616538663434313331383336333061343430666132666234
6365343034333961643565346134623133666333343861350a343335343863633233373462653134
33623332616664306237366564623831626233663930633431326535636262306263313939353061
6662653933373233300a323337333266323438356236666238393239316164666261313330336639
37393134376661643439613333613565303437343935396339653964326138636464383739323631
64353939363562333134323466336435323739363238373064393731666537333533643261656433
34353338633832663231323661643230363463313334363934616238623565353866366164326137
66363030323533663061306261326465616435363039623637653635376362383161393162656563
37666230393439393731303161396565363133353038336131303336336335303633626238343130
32616235646333356233346634653735393836613564653233303330623466633136633965663634
61353437616162323462366336656439366461633266393064383963343434313266623166376230
35643661306332646636633734653463333361373337633835333862626431663137623461663631
66306262343832303665376362613638396139373063616163343161333564333536323963393633
64316335333738643764383534653162303630363437616230353234386436663362633332333337
33316531346162353535323530636638653732346534353132333130623935663730636634363939
65336166666635333536343461383036306534653862363264343837626231636632363430646438
63343763356564376433616165356637303032396333613533373665366463663661666561666665
39343138646133306337353164376563636436613363383235363862323363343236663863343833
36353461343936393433306633303532343832663636363461376636376232646133616531363932
37393834646237316630633133663637336335636436343336613530656538356563623332313030
37333537363464323039343033333330656538663032356335366239666261663463316566643233
34323736303961303662353331343831376666303165343230313232346435323831343938306466
306137313666353163646531636338386335
