$ANSIBLE_VAULT;1.1;AES256
32633861393462326362653034656337303338316566663837623733343230393835353736393430
3936636239386636633930623139323736376635653163630a613436336130303539313261323463
66623630333335346539333066376234313030326366326132313363386534623537306230326637
6638346531363031620a376636633334396462383065356436363266366465663365306238663165
66323935386362326535323038663665373130393561393931303831336639643265396665653962
31626565303436383834393161333065393962313563373462333139326430623763363032323732
61373862396537396330323736373539373637313535393763623238333031303362346132316138
31333738303332633061396632313961613337303530356566653734366434356331313163366365
37326135383435656437313061313138333137643463376338333564356162346265636664616439
37326236643766656162663438626465396137366332613961663266616364633864336434633632
64633031396330366533323535363132353166323763346162663439663638383366663432363766
64316134333363373038646336623964336235336134613961323164643161383339353230663063
64666437396465636665386139333038663761383939303637323433643064653638396538333466
65633063633863613361306564393830323133613966343236376332323835313966633033363135
31366532626131306235396361396232313665313930343434663666623732363136633432343861
37636533313963373138316132363732353036336563386638383063643434393862376237346462
36613935353636623830313330393739323364656537663866393033396362633338323434356232
30643966656130363261623161656531623938646437303431303461636430643532656239323338
38313330373361373865643665343530333566346539303764666330663062383033333935356661
37623434643161386337623830356133393365653132626162396235303033383633316337326566
36613532626661323332623639316662656136353262613761366164366463353065633532643433
34363632303061303966616639666234313464306163346435313434353262653235393038393030
31333630313435343838356432616330383364356466663635663937373139323238646538306439
37366137646366343438366266643735616532656139346232326136336661373462613766326439
34353335376262633264363631313536643964336630633163353435363832363431623462656130
32626235333562336362636139613935666337623564646438393830643264356330366534626464
663463363530616337353862313264343635
