$ANSIBLE_VAULT;1.1;AES256
64373832356534613863383635653937613835356534613633323031363765633533643039666464
3962356637656239306531316438623866393062316465640a643431633231353733313231356564
62343035316237323735663165353162303530613730613964363163616166386133613033643239
6536353030356436310a356134623839343033363236656466363062323464343538386566333732
64666232373735336363336334303238323137323435316564376639323836633634663163306562
30326233666366346264653462323530396262323333313632633134363635313665623765653761
63336135316233633037356638653836623230643962626665366666656261363337376130313365
61373037653131636230663965363466343933613966316137323164313430626536386134616563
34303635316136333933393835313135393063666533643235373936353338636230366162343539
62393462393865633238336162633765636530656466373235613966333937356634363163613936
33663865393834353038323135633537373338613332323239383163613432366539633063643438
65353034393266613936316564653934306634363362313537383636613536376362366133366366
33613364303936666137656662623863323436343964353765393831643766633963333865303365
63316262336433303365323932666535643761616430623139343465333039353938323735373164
64313533636461636461353139333035363131633534313761336636393763653434343664356266
37303165343033646662353132633666306538316464313035383963616564356463326133633037
63303363343130396434666464313933653863303432343463396338353531373962663837376261
65323639616263343130623737343030393634353032663037643561666130336662303664383235
64393931313532393938613931396638303339623865353338646134633836636464396130356266
63346563383237363165313937623062383861643038656566323861656666396261386134656463
62323233313330323136346461636632653938663163633334303135343033613762636266653534
62346539616361323838663762643035373634663534373134663363316634303961396533636531
36356266646665376331303338343739366531363336383131313732323132323566356166336165
62353461333965613033343666326462333739653939663435666236653666386362333332326434
38363865326364393862316162373739396536323063313436306533306436643434346434393332
65366431346134633930363433376630343538356131393936306365663463333561383436306238
61383030373834323337626639623331383638636265373864363634633330313133653131376530
61613963393262303839383561333064666637303536303530646131343366643838653931353061
65616565336562633566623862393735626362313531336334623664613838623865363133623964
62313834343864306439643966653038613332356332643030366631393833623062643535663830
31353032383739333130643836386666613439356666336236373535303666386331333932613865
34646434396533663066373464363634393630393936363333386166366232363935346238333361
30633339643263316265303366336337613033626361663238303863633462646563663462303039
38616661333964306631626434303566366132626632373034626530393632646538646232336432
64623064323962613033363035333863303434613962656263383765636335653162396664656439
66333231636662623561356239613163653337373034613231653536653638313836366264376161
38343739313333393435393663366539613238633963633431303732303436306431303661303864
64346336353262653862376330663633343263626631613635323030393830613261643664366663
64313361366331646635313639663261313034643434643864633066376566343737663966386532
35666639356333646363323661353762366433306565653465326465336231643233353530613065
32623731646133373565336464623633373332623934663366326130303833336331663261366534
63396132316530616463636330333130363532323438356531376465653635343166323035383633
62653563366134313662616232353565313836636463356365326166343363663330653662633731
39636664316161333264633162326566303234653934336534313532653339326436633334633561
66636639303364336533303261663432383934373239396530653066363861663234306366396438
64303536353064336230373435623865343233373737383632356661343132353261306465663766
36636234376136373630383866373766643238343235666436656530326533303830646634303363
31326234333764623138653261393062323764346162633233313830633264653931376165616339
31636135643533363833313830353130383261356433343439393263633562386630363637346232
37396136336564663333363839613930653834363635313335323734326537643365326565313665
37613133363463386562393330643130616364363364626632386536613735353934613531396432
66346265643035316565613838323765363632616236353763616265316536623231343334623135
34636463393234316535303363623935613632353231393130316639663464336463316438353334
35396562646331346664363661336530633063343531363366316666633762363638346333323161
38316131646563386434623630333161666266643066633037366332633536613633663030376438
34643035343033333063633136376265323035333231356662326638326631383535373265386234
66663036333234343937636465613164663664356634616264636662613964613938
